0.0516615	0.0301142	0.0129803	0.036864	0.0264798	0.0236241	0.00726895	0.0285566	0.0342679	0.0272586	0.0280374	0.0199896	0.0147975	0.0443925	0.0179128	0.0314123	0.0389408	0.0812565	0.017134	0.0160955	0.021028	0.00363448	0.0096054	0.0189512	0.0397196	0.0096054	0.0817757	0.0397196	0.0288162	0.0501038	0.0399792	0.0680166
0.0459399	0.0332754	0.011009	0.0343515	0.0317854	0.0193693	0.00579422	0.0370002	0.0234252	0.0234252	0.0282261	0.0174654	0.0153133	0.0421323	0.0203626	0.0347653	0.0448638	0.0823607	0.0170516	0.0130784	0.0230941	0.0052148	0.0102641	0.0204453	0.041139	0.0107607	0.0823607	0.0428772	0.0302127	0.0494164	0.0371658	0.0660541
0.0509101	0.0311907	0.011187	0.0337505	0.0305271	0.0186765	0.00758438	0.0311907	0.0231323	0.019909	0.0293895	0.016022	0.0154532	0.047592	0.0191505	0.0330868	0.0399128	0.084471	0.0163064	0.012609	0.0218999	0.00293895	0.00834281	0.0211414	0.0459803	0.00824801	0.0898749	0.0410504	0.0291998	0.0542283	0.0366894	0.0683542
0.0518267	0.0332767	0.0138771	0.0335599	0.0348343	0.0191164	0.00665534	0.0298782	0.0242141	0.0186916	0.0242141	0.0133107	0.0168508	0.0454545	0.0189748	0.0325687	0.0403568	0.084537	0.0158595	0.0196828	0.0177004	0.00368168	0.00906259	0.0201076	0.0492778	0.00679694	0.0917587	0.039932	0.0287454	0.0545171	0.0329935	0.0676862
0.0541466	0.0303906	0.00877475	0.0410915	0.0313537	0.0218299	0.00545746	0.0321027	0.0265383	0.0184056	0.0288925	0.0170144	0.0157303	0.0431247	0.0211878	0.0391653	0.0406635	0.0794007	0.0151953	0.0127341	0.0247191	0.00278224	0.00738363	0.0207598	0.0401284	0.00898876	0.0860353	0.0415195	0.0307116	0.0505083	0.0327448	0.070519
0.0499699	0.0311344	0.0138471	0.0338866	0.0325105	0.0215877	0.00937473	0.0309624	0.025544	0.0233078	0.026232	0.0165133	0.0178894	0.0404232	0.0212437	0.0361228	0.0393051	0.0798142	0.0193515	0.0165133	0.0212437	0.00464436	0.00971876	0.0211577	0.0414552	0.012815	0.0860067	0.0366389	0.0298443	0.0462716	0.0359508	0.0687194
0.0525045	0.0331925	0.0117347	0.0358077	0.0304432	0.0227318	0.00657145	0.0305103	0.0297056	0.0230671	0.0244082	0.0184403	0.0150875	0.0445249	0.0195132	0.0368806	0.0433179	0.079595	0.0175015	0.0109971	0.020519	0.00409039	0.0078455	0.0196473	0.045866	0.00791256	0.0838195	0.0402334	0.031315	0.0541809	0.0356736	0.0623617
0.0508305	0.0312187	0.0138083	0.0374225	0.0293176	0.020012	0.00720432	0.0312187	0.0260156	0.0235141	0.0280168	0.0182109	0.0151091	0.0445267	0.020012	0.035021	0.0436262	0.0781469	0.0173104	0.0158095	0.0227136	0.00420252	0.00890534	0.0206124	0.0475285	0.00980588	0.079948	0.0410246	0.0278167	0.0541325	0.0348209	0.0621373
0.0484706	0.0315645	0.0125086	0.0319554	0.0295124	0.0222809	0.00996775	0.0334213	0.0292192	0.0252125	0.0290237	0.0175901	0.0156357	0.0423141	0.0202287	0.0320532	0.039871	0.082576	0.0163197	0.0128994	0.0234535	0.00537477	0.0102609	0.0209127	0.0411414	0.0128994	0.0780807	0.040946	0.0275579	0.0477866	0.0418255	0.0671357
0.0474961	0.0289692	0.0176286	0.0368291	0.033236	0.0235796	0.0132495	0.0295307	0.0247024	0.0227936	0.031664	0.0216708	0.0194251	0.0405345	0.0231305	0.0369414	0.0387379	0.071974	0.0175163	0.0187514	0.0223445	0.00651246	0.0133618	0.0256007	0.0409836	0.0138109	0.0708511	0.0353694	0.025713	0.0485066	0.0343589	0.0642264
0.0434686	0.0292003	0.0139365	0.0339564	0.0350625	0.0244442	0.00951222	0.0356155	0.0276518	0.0254397	0.0322973	0.0196881	0.0197987	0.0430262	0.0277624	0.034067	0.0409247	0.0669174	0.0191351	0.0181396	0.0261033	0.00597279	0.0148214	0.0252184	0.037164	0.0197987	0.0628249	0.0362792	0.0306382	0.0436899	0.0381595	0.0592855
0.0568	0.03208	0.01328	0.03528	0.03464	0.0196	0.00648	0.032	0.03144	0.02384	0.02856	0.02072	0.01496	0.0416	0.01984	0.03704	0.03944	0.07976	0.01568	0.01528	0.02232	0.0032	0.00784	0.02144	0.04064	0.0084	0.082	0.0372	0.0268	0.04584	0.03568	0.07032
0.0464864	0.0305156	0.0122633	0.035478	0.0317134	0.0200776	0.00827059	0.0318275	0.0228725	0.0204198	0.0262948	0.0154574	0.0159138	0.0452316	0.0213895	0.0341661	0.0407255	0.0827629	0.016313	0.0148871	0.0212754	0.00427789	0.0102669	0.0203628	0.0447753	0.0107232	0.0852156	0.038444	0.0300023	0.0505362	0.0401551	0.0708989
0.0659898	0.0343616	0.00488091	0.0345568	0.0351425	0.0232331	0.00390472	0.0341663	0.0343616	0.0232331	0.0320187	0.0144475	0.0138618	0.0409996	0.0187427	0.0370949	0.038852	0.0827802	0.0158141	0.00663803	0.0208903	0.00136665	0.00800469	0.0232331	0.0378758	0.00468567	0.0901991	0.0380711	0.0324092	0.0443186	0.0292854	0.0745802
0.0543504	0.0341046	0.00674861	0.0350687	0.0306098	0.0215715	0.00506146	0.0354302	0.0320559	0.0209689	0.0309713	0.0178356	0.0161485	0.0425404	0.0202458	0.0320559	0.0429019	0.0845987	0.0143408	0.0132562	0.0231381	0.00168715	0.00759219	0.022174	0.0404917	0.00819475	0.0796577	0.0410942	0.0286816	0.0514582	0.0338636	0.0711015
0.0567227	0.0336134	0.0110772	0.033327	0.0314171	0.0172842	0.00811688	0.0305577	0.0236822	0.0202445	0.0271199	0.0150879	0.013369	0.045741	0.0157563	0.0352368	0.038961	0.0880443	0.0124141	0.0112681	0.0179526	0.00219633	0.00983575	0.0171887	0.0462185	0.00974026	0.101509	0.039534	0.0268335	0.0515661	0.0348549	0.0735294
0.0497733	0.0310806	0.0108395	0.0334034	0.0328503	0.0204623	0.00575158	0.0316337	0.0232275	0.0231169	0.0295321	0.0161487	0.0134941	0.0481141	0.0212366	0.034067	0.0369428	0.0795266	0.0161487	0.0124986	0.0192457	0.0045349	0.0122774	0.0237806	0.0441323	0.0101759	0.094348	0.0390444	0.0255503	0.0516536	0.0368322	0.0685765
0.0443548	0.0313815	0.016129	0.0348878	0.026648	0.0243689	0.0107819	0.0355014	0.0303296	0.0275245	0.0321704	0.0213885	0.019986	0.0415498	0.0231417	0.0317321	0.0409362	0.0656557	0.0180575	0.0158661	0.0270863	0.00920407	0.0127104	0.0247195	0.0408485	0.0206872	0.0638149	0.0393583	0.0272616	0.0469846	0.039183	0.0557504
0.0518703	0.0340399	0.0100998	0.0332918	0.0345387	0.0188279	0.00835411	0.0365337	0.0253117	0.0178304	0.0295511	0.0190773	0.0154613	0.042394	0.021197	0.0374065	0.04202	0.0738155	0.0159601	0.013217	0.0220698	0.00523691	0.0103491	0.0236908	0.048005	0.0123441	0.0763092	0.0389027	0.0249377	0.0552369	0.0394015	0.0627182
0.0572695	0.0336879	0.0102837	0.037234	0.0324468	0.0212766	0.00514184	0.0265957	0.0235816	0.022695	0.0299645	0.0171986	0.0150709	0.0441489	0.0187943	0.0351064	0.0407801	0.0856383	0.0175532	0.0150709	0.0223404	0.00283688	0.00851064	0.0207447	0.0430851	0.00851064	0.0838652	0.041844	0.031383	0.0508865	0.0294326	0.0670213
0.0532672	0.0276041	0.00711667	0.0353677	0.0386025	0.0248005	0.00560707	0.0323485	0.0293293	0.0243692	0.0353677	0.0163899	0.013802	0.0345051	0.0245849	0.0345051	0.0403278	0.0858314	0.0166056	0.0146647	0.0308389	0.00582273	0.0107828	0.0241535	0.0321328	0.0142333	0.072245	0.0392495	0.0310546	0.0362303	0.0342894	0.0739702
0.0539264	0.033458	0.00826609	0.0381815	0.0308994	0.0153513	0.00649478	0.0320803	0.0236174	0.0196812	0.024011	0.0129896	0.0127928	0.0425113	0.017713	0.0332612	0.0448731	0.0928951	0.0131864	0.0137768	0.0179099	0.00295217	0.00649478	0.0202716	0.0462507	0.00472348	0.0958473	0.0381815	0.0277504	0.0507774	0.0389687	0.0799055
0.0478806	0.0325306	0.0111956	0.0339389	0.0315449	0.0179552	0.00542177	0.0347134	0.025419	0.0231658	0.0261935	0.0176736	0.0147162	0.0441487	0.0185185	0.0341501	0.041121	0.0847768	0.0174623	0.0149275	0.0208421	0.00267568	0.0083791	0.0181665	0.0407689	0.00661879	0.0928742	0.0399944	0.0304183	0.0485847	0.0409097	0.0723138
0.0530457	0.0338539	0.00822506	0.031589	0.0278937	0.0208607	0.00750983	0.0364763	0.0278937	0.0234831	0.033377	0.0172845	0.0165693	0.0447014	0.0225295	0.0326618	0.0411253	0.0758136	0.0168077	0.0107283	0.024556	0.0030993	0.00929789	0.025152	0.044463	0.0118012	0.0863035	0.0413637	0.0243176	0.0531649	0.0326618	0.0613899
0.0547666	0.0291691	0.00892933	0.0382686	0.0348669	0.0249171	0.00833404	0.0328259	0.0347819	0.0256825	0.0313802	0.0187941	0.0170082	0.0421805	0.0233863	0.0360575	0.0421805	0.0699889	0.0172634	0.016413	0.0264478	0.00467727	0.0113105	0.0216855	0.0385237	0.0108853	0.0727953	0.0344417	0.0332511	0.0442214	0.0301046	0.0644613
0.0596546	0.0367347	0.0103611	0.0354788	0.0285714	0.0172684	0.00533752	0.032967	0.0288854	0.0191523	0.0291994	0.0156986	0.0144427	0.0417582	0.0144427	0.0307692	0.0411303	0.0835165	0.0125589	0.0144427	0.0197802	0.000627943	0.0043956	0.0200942	0.0518053	0.00376766	0.0979592	0.0383046	0.0257457	0.0533752	0.0389325	0.0728414
0.0496428	0.0313772	0.0105796	0.0363505	0.0278506	0.019622	0.00533502	0.0316484	0.0254996	0.0187178	0.0264943	0.0140157	0.0151912	0.0423185	0.0185369	0.031558	0.0419568	0.0931368	0.0129306	0.0116647	0.0211592	0.00461163	0.00795732	0.0205263	0.0451216	0.00822859	0.0910571	0.0396962	0.028574	0.0509088	0.0382494	0.0794828
0.048255	0.0329346	0.011224	0.0333443	0.0316238	0.0233492	0.00958545	0.0390791	0.0348189	0.0277732	0.03359	0.0222022	0.0146649	0.0421104	0.0240046	0.0315419	0.0430116	0.0663608	0.0162215	0.0154023	0.0247419	0.00491562	0.0135179	0.0242504	0.042602	0.019089	0.0648861	0.0376864	0.02466	0.048255	0.0362936	0.0580043
0.0543236	0.0300486	0.00931636	0.0372655	0.0301798	0.0199449	0.00852906	0.0308358	0.0292613	0.0177142	0.0245375	0.0158772	0.0133841	0.0415956	0.0207322	0.0371342	0.0401522	0.08306	0.0181079	0.0139089	0.0173206	0.00393649	0.0106285	0.0212571	0.0421205	0.0072169	0.0967065	0.040021	0.0266369	0.0547172	0.0324104	0.0711193
0.06151	0.0294178	0.00822876	0.039498	0.0312693	0.0193376	0.00452582	0.0302407	0.0306521	0.0211891	0.0290064	0.0127546	0.0111088	0.0452582	0.0154289	0.0349722	0.0399095	0.0896935	0.0113145	0.0127546	0.0224234	0.00123431	0.00534869	0.0178976	0.044641	0.00596585	0.0936021	0.0429953	0.0277721	0.0514297	0.0320922	0.0765275
0.0466308	0.0331291	0.0117515	0.0335042	0.0251281	0.0226278	0.008001	0.032379	0.0272534	0.0263783	0.0287536	0.0197525	0.0155019	0.0462558	0.0218777	0.032254	0.0430054	0.0763845	0.0193774	0.0155019	0.0216277	0.00425053	0.0113764	0.0217527	0.0497562	0.0100013	0.0806351	0.0405051	0.024003	0.0590074	0.0328791	0.0587573
0.052338	0.030845	0.0132896	0.0360131	0.0342904	0.0202625	0.00795734	0.0315012	0.0289582	0.0215751	0.0264151	0.0162428	0.0155045	0.0421657	0.0210008	0.0341263	0.0374077	0.0808039	0.016653	0.0146842	0.0208368	0.00557834	0.00902379	0.0231337	0.0412633	0.00853158	0.088023	0.0353568	0.0305168	0.0433962	0.0367514	0.0755537
0.051024	0.0301978	0.00728914	0.0399167	0.02395	0.0149254	0.00485942	0.0253384	0.0225616	0.0246442	0.0249913	0.0163138	0.00971885	0.0513711	0.0166609	0.0298507	0.044429	0.0971885	0.0111073	0.0104131	0.0215203	0.000347102	0.00555363	0.0149254	0.0440819	0.00833044	0.113155	0.0395696	0.0298507	0.0506768	0.0367928	0.078445
0.0521176	0.0333553	0.0118499	0.0340136	0.0344525	0.020847	0.00680272	0.034233	0.0242484	0.022054	0.0294053	0.0183235	0.0168971	0.0425719	0.0192012	0.0385122	0.0377441	0.0774632	0.0188721	0.0152513	0.0209568	0.00416941	0.00965548	0.0221637	0.0430108	0.0107527	0.0814132	0.0384025	0.0283081	0.0504718	0.0329164	0.0695633
0.0559611	0.0337591	0.006691	0.0301095	0.0328467	0.0142944	0.00273723	0.0288929	0.0188564	0.0173358	0.0225061	0.0103406	0.0136861	0.0477494	0.0161192	0.0343674	0.0416667	0.093674	0.0145985	0.00942822	0.0130779	0.000608273	0.00608273	0.020073	0.0520073	0.006691	0.127737	0.0346715	0.0276764	0.0571776	0.0322384	0.0763382
0.0518378	0.0316298	0.00922536	0.040123	0.027969	0.0216723	0.00673598	0.0325084	0.0273832	0.0187436	0.026651	0.017865	0.0153756	0.0431981	0.0253331	0.0382194	0.0421731	0.076878	0.0165471	0.0150827	0.0272368	0.00351442	0.00863963	0.0196222	0.0448089	0.00863963	0.0828818	0.042466	0.0270903	0.0524235	0.0326549	0.0648704
0.0511088	0.0308342	0.0118268	0.0365364	0.0276663	0.0198522	0.00823654	0.0342133	0.0263992	0.0204857	0.0287223	0.0154171	0.0158395	0.0405491	0.0166843	0.0346357	0.0435058	0.0804646	0.0128828	0.0139388	0.0200634	0.00359029	0.0092925	0.019641	0.0456177	0.00823654	0.093981	0.0407603	0.0247096	0.0549102	0.042661	0.0667371
0.0515537	0.0312167	0.0109507	0.0413852	0.0298656	0.0250302	0.00853303	0.0333499	0.0323544	0.0251013	0.0305767	0.0179905	0.0159283	0.0391097	0.0226125	0.0337766	0.0409585	0.0715352	0.0194126	0.0157861	0.024248	0.00554647	0.0115196	0.022897	0.0363365	0.0123729	0.0694731	0.0387542	0.0341321	0.042594	0.0385409	0.0665576
0.0476448	0.0343801	0.0108284	0.0332972	0.0281538	0.0200325	0.00757986	0.0341094	0.0314023	0.0230103	0.0219274	0.0157011	0.0135355	0.0389821	0.0157011	0.029778	0.0433135	0.0933947	0.0143476	0.0121819	0.0140769	0.00351922	0.00568489	0.0211153	0.0452084	0.00433135	0.100704	0.036275	0.0262588	0.0517055	0.0406064	0.0812128
0.0539706	0.0291659	0.00881337	0.0369798	0.0337089	0.0179902	0.00463384	0.0298019	0.0267127	0.02008	0.0243504	0.0141741	0.0136289	0.0461566	0.0165364	0.0357078	0.0412502	0.0898601	0.014901	0.0136289	0.0159913	0.00254407	0.00636017	0.0209886	0.0444303	0.00545157	0.0955842	0.0364347	0.0289842	0.0546974	0.037525	0.0789569
0.0540755	0.0294235	0.0082505	0.0366799	0.0304175	0.0217694	0.00576541	0.0302187	0.0262425	0.0248509	0.0302187	0.0153082	0.0129225	0.0426441	0.0182903	0.0354871	0.0426441	0.0865805	0.0176938	0.0116302	0.0238569	0.0027833	0.00735586	0.0200795	0.045328	0.0082505	0.0833002	0.0390656	0.0305169	0.0510934	0.0355865	0.07167
0.0468602	0.0312401	0.0143578	0.0380246	0.0279268	0.0252446	0.0209845	0.0351846	0.0361313	0.0284001	0.034869	0.0252446	0.0186179	0.0355002	0.027769	0.0302935	0.041338	0.0536447	0.0239823	0.0209845	0.0274535	0.0143578	0.022089	0.0274535	0.0323446	0.0257179	0.0426002	0.0367624	0.0299779	0.039918	0.0359735	0.0487536
0.0577689	0.0327919	0.00904076	0.0435182	0.0318725	0.0246705	0.0036776	0.0306466	0.0300337	0.0193074	0.0280417	0.0180815	0.013791	0.0366227	0.0199203	0.0404536	0.041373	0.077536	0.015783	0.0121054	0.020993	0.00153233	0.0055164	0.022985	0.0432118	0.00444376	0.0902544	0.0375421	0.0294208	0.0498008	0.0344775	0.0727858
0.0587997	0.026764	0.00932685	0.0364964	0.0320357	0.0247364	0.00567721	0.0344688	0.0324412	0.0300081	0.041768	0.0154096	0.0178427	0.0373074	0.0223033	0.0324412	0.0433901	0.0750203	0.0202758	0.013382	0.0296026	0.00162206	0.0105434	0.0255474	0.0332522	0.00892133	0.0697486	0.0369019	0.0352798	0.0381184	0.0348743	0.0656934
0.0521925	0.0298752	0.0126916	0.0393583	0.031943	0.0231016	0.00762923	0.0325134	0.02959	0.0236007	0.0301604	0.0198217	0.0161141	0.0395009	0.0221034	0.0380036	0.0400713	0.0713725	0.0168984	0.0149733	0.0237433	0.00620321	0.0131907	0.021533	0.0370053	0.0133333	0.0737255	0.0373619	0.0298039	0.0439929	0.042852	0.0657398
0.0505932	0.0306694	0.0114171	0.042758	0.0235057	0.0203716	0.00537273	0.027983	0.0261921	0.0208193	0.0266398	0.0158943	0.0127602	0.0402955	0.0188046	0.0315648	0.0425341	0.0913365	0.0154466	0.0149989	0.0217148	0.00358182	0.00850683	0.0188046	0.0441012	0.00962615	0.0843967	0.0407432	0.0291023	0.0496978	0.0409671	0.0788001
0.0558564	0.0317754	0.00726703	0.0394699	0.0277857	0.0222286	0.00441721	0.0294956	0.0247934	0.0222286	0.0267883	0.0158165	0.015674	0.0389	0.0195212	0.0400399	0.0447421	0.0897692	0.0149615	0.0109718	0.0233685	0.00299231	0.00683956	0.0190938	0.0416073	0.00641208	0.0879168	0.0406099	0.0277857	0.0512967	0.0361926	0.0733827
0.0530161	0.0333458	0.00824279	0.0363432	0.0303484	0.0185463	0.00580742	0.0365305	0.0260397	0.0254777	0.0301611	0.0168602	0.0153616	0.0475834	0.0161109	0.0354065	0.0410266	0.0818659	0.0159236	0.0118022	0.020045	0.00243537	0.0067441	0.0219183	0.0415886	0.00711877	0.0871113	0.0404646	0.0288498	0.0526414	0.0322218	0.0730611
0.0571951	0.030034	0.00548446	0.0334291	0.0305563	0.0172369	0.00339514	0.0271611	0.0232437	0.019065	0.025333	0.0117524	0.0122747	0.0454427	0.0245495	0.0347349	0.045965	0.100026	0.0151476	0.0114913	0.0242883	0.00104466	0.00652912	0.0201097	0.047532	0.00574563	0.0885349	0.0436145	0.0248107	0.0553669	0.0378689	0.0710368
0.0543128	0.0356453	0.0111844	0.0381397	0.034036	0.021001	0.00667847	0.0344384	0.0280818	0.0240586	0.0255874	0.0178629	0.0172192	0.0436917	0.0185871	0.0383006	0.0404731	0.0764403	0.0168973	0.0143225	0.0195526	0.00354039	0.00860959	0.0194722	0.0390248	0.0083682	0.0786933	0.037496	0.034197	0.0452205	0.0378178	0.0710492
0.0497816	0.0317819	0.0109956	0.0341919	0.0306522	0.02169	0.00707938	0.0314053	0.0269619	0.0252297	0.0276397	0.0173972	0.0135563	0.0419491	0.01687	0.0338906	0.0395391	0.0861576	0.0181503	0.0157403	0.0207863	0.00384094	0.00820907	0.0193553	0.0445097	0.00843501	0.0851032	0.0396897	0.0276397	0.0515891	0.037581	0.0726013
0.0555109	0.0291231	0.00901046	0.0376508	0.0365245	0.0249397	0.00643604	0.0315366	0.0310539	0.0213998	0.0310539	0.0193081	0.0157683	0.0410298	0.0247788	0.0400644	0.0394208	0.0749799	0.0176991	0.0123894	0.0247788	0.00305712	0.00804505	0.026066	0.0418343	0.0112631	0.0706356	0.0336283	0.0291231	0.0476267	0.0331456	0.0711183
0.0529702	0.0329187	0.00997212	0.0401029	0.030238	0.0213382	0.00525413	0.031632	0.0312031	0.0233755	0.0253056	0.0175852	0.0115805	0.0407463	0.0162985	0.0340982	0.0442848	0.086425	0.016513	0.0124383	0.018872	0.00300236	0.00664808	0.0190864	0.0419258	0.0075059	0.0826721	0.041068	0.0328115	0.0503967	0.038709	0.0730217
0.0508618	0.0340487	0.010899	0.0376816	0.0306691	0.0205306	0.00785738	0.031852	0.0294863	0.0222203	0.0231497	0.017489	0.0157993	0.0447786	0.0179959	0.0340487	0.0439338	0.0818689	0.0156303	0.0155458	0.0174045	0.0035485	0.00735046	0.0198547	0.042075	0.0084488	0.0850794	0.0413146	0.0303312	0.0543258	0.0378506	0.0660696
0.0503522	0.0279155	0.0104357	0.0357422	0.0294808	0.0190451	0.00521785	0.0292199	0.0245239	0.0198278	0.0307853	0.0172189	0.0140882	0.0466997	0.0182625	0.0326115	0.0456561	0.0902687	0.0151318	0.0138273	0.0240021	0.00234803	0.00573963	0.0216541	0.0542656	0.00991391	0.0764414	0.0386121	0.0263501	0.0620924	0.0313071	0.0709627
0.0470699	0.0285638	0.0120692	0.0358053	0.0333914	0.0254794	0.00831434	0.0312458	0.0327209	0.0248089	0.0278933	0.0185061	0.0152876	0.0439855	0.0226633	0.0331232	0.0390237	0.0799249	0.0155559	0.0150194	0.0242725	0.00469358	0.0115328	0.0194448	0.0392919	0.00858254	0.0760359	0.0359394	0.0324527	0.0441196	0.0411694	0.0720129
0.0559647	0.0309278	0.00801833	0.0418917	0.0320733	0.0227459	0.00769105	0.0284732	0.0294551	0.0250368	0.0266732	0.0132548	0.0106366	0.044019	0.0168549	0.0333824	0.0450008	0.0821469	0.0132548	0.0132548	0.0188185	0.00147275	0.00589102	0.0201276	0.0450008	0.00769105	0.0929471	0.0409098	0.0310915	0.0520373	0.0366552	0.0666012
0.0437532	0.0295903	0.0074608	0.0380627	0.0300961	0.0285787	0.0106222	0.030349	0.0299697	0.0199798	0.0211179	0.0141629	0.016692	0.041477	0.0308548	0.0362924	0.0472939	0.0765048	0.0236469	0.0136571	0.0213708	0.00518462	0.00872534	0.0269347	0.0445119	0.00657562	0.0699292	0.0416034	0.0316136	0.0585483	0.0388214	0.0560192
0.0533785	0.029848	0.0115363	0.0380883	0.0305805	0.0197766	0.0065922	0.0317707	0.0289324	0.0217909	0.0276506	0.0182201	0.0135506	0.0436733	0.0168467	0.0367149	0.0390038	0.0803882	0.0163889	0.0130928	0.0212415	0.00393701	0.00851492	0.0186779	0.0422999	0.00897272	0.0878044	0.0386376	0.0301227	0.0500824	0.0393701	0.0725142
0.0504979	0.0318664	0.0123996	0.0361066	0.0314166	0.0230646	0.00636042	0.0351429	0.029425	0.0251847	0.030196	0.0194025	0.0159974	0.0431095	0.0212657	0.0366206	0.0415676	0.0723418	0.0178606	0.0141343	0.024735	0.00346932	0.00989399	0.0203662	0.0424028	0.0100225	0.0758754	0.0400899	0.0302602	0.0488917	0.0380983	0.0619338
0.0561109	0.0304407	0.0116992	0.0405498	0.0327124	0.0193094	0.00681508	0.0304407	0.0256701	0.0219219	0.0262381	0.0141981	0.0146524	0.042935	0.0169241	0.0377101	0.0410041	0.0859836	0.0149932	0.0144253	0.0181736	0.00204453	0.00738301	0.0196502	0.0420264	0.00851886	0.0896184	0.0377101	0.0311222	0.0481599	0.0325988	0.0782599
0.0478838	0.0308759	0.0150455	0.0366978	0.0321842	0.0203441	0.00758815	0.0332963	0.0243344	0.0226336	0.0281285	0.0187087	0.0176621	0.0434356	0.0206057	0.0368941	0.0401648	0.0764048	0.01812	0.0145221	0.0240073	0.00484071	0.00915811	0.0204095	0.0422581	0.0108589	0.0767973	0.037352	0.0328384	0.0460522	0.0409498	0.0689475
0.0543546	0.0289891	0.0114957	0.0343621	0.0306135	0.021242	0.00724728	0.0367362	0.0332375	0.0263651	0.0337373	0.0181182	0.0176184	0.0413595	0.0171186	0.0344871	0.0418593	0.0765963	0.0166188	0.0162439	0.0281145	0.0039985	0.00762214	0.0191178	0.0398601	0.00899663	0.0819693	0.0412345	0.029364	0.0482319	0.0283644	0.0647257
0.0466805	0.0264523	0.00803942	0.0409751	0.028527	0.0261929	0.00311203	0.027749	0.030083	0.0246369	0.0287863	0.0160788	0.0129668	0.0456432	0.0153008	0.0313797	0.0471992	0.091805	0.0134855	0.0134855	0.0251556	0.00181535	0.00389004	0.0168568	0.0446058	0.00596473	0.0790975	0.0443465	0.0342324	0.0583506	0.0383817	0.0687241
0.0572597	0.0278119	0.00572597	0.0327198	0.0241309	0.0188139	0.00449898	0.0298569	0.0192229	0.0130879	0.0253579	0.00940695	0.0143149	0.0429448	0.0188139	0.0429448	0.0466258	0.0985685	0.0126789	0.00981595	0.0233129	0.00204499	0.00736196	0.0155419	0.0617587	0.00490798	0.0891616	0.0453988	0.0155419	0.0736196	0.0376278	0.0691207
0.0493125	0.0278953	0.00846113	0.0384717	0.0331835	0.0236647	0.00793231	0.0323903	0.0243258	0.0235325	0.0253834	0.0152036	0.0142782	0.0448176	0.019963	0.0428345	0.0411158	0.080513	0.0167901	0.0117663	0.0210206	0.00409836	0.0100476	0.0183765	0.0420412	0.0100476	0.082496	0.0391327	0.0297462	0.0532787	0.036753	0.0711264
0.0548964	0.0310078	0.00901756	0.0367031	0.0325898	0.02025	0.00442968	0.0310078	0.0278437	0.0194589	0.0281601	0.0155039	0.0118652	0.0433476	0.0193007	0.0346464	0.0378105	0.0838475	0.0151875	0.0131308	0.0207246	0.00284765	0.00870115	0.0207246	0.0420819	0.0058535	0.0999842	0.0411327	0.0278437	0.0499921	0.0374941	0.0726151
0.0564495	0.0341915	0.0109949	0.0374095	0.0273532	0.0194422	0.00482703	0.0268168	0.0242692	0.0174309	0.028694	0.0168946	0.0139448	0.0465272	0.0179673	0.0324484	0.039823	0.087557	0.0150174	0.0116653	0.0205149	0.00201126	0.00710646	0.0210512	0.0478681	0.0108608	0.0888978	0.0438455	0.0285599	0.0568517	0.0347278	0.0679807
0.0493992	0.0313752	0.00801068	0.0460614	0.0273698	0.0260347	0.00867824	0.0327103	0.0213618	0.0313752	0.0307076	0.012016	0.0106809	0.0460614	0.0206943	0.0367156	0.0420561	0.076769	0.0206943	0.00801068	0.0193591	0.00333778	0.0133511	0.0220294	0.0400534	0.00667557	0.0734312	0.0400534	0.0380507	0.0447263	0.0380507	0.0740988
0.0512973	0.0296516	0.00726464	0.0388436	0.0292068	0.0213491	0.00667161	0.0306894	0.0266864	0.0204596	0.0286138	0.0163084	0.0146775	0.0453669	0.0203113	0.0348406	0.0462565	0.0782802	0.0151223	0.0106746	0.018977	0.00326168	0.00993328	0.0232765	0.0440326	0.00815419	0.0962194	0.0392884	0.0289103	0.0584136	0.0346924	0.0622683
0.052379	0.027972	0.00808995	0.0355135	0.0292061	0.0207048	0.00877554	0.0341423	0.0312629	0.0237214	0.0307144	0.0160428	0.0133004	0.0437406	0.0222131	0.0333196	0.0363362	0.0747292	0.0183738	0.0148087	0.0231729	0.00671877	0.012752	0.0235843	0.0408611	0.0149458	0.0819964	0.0375703	0.0246812	0.0485397	0.0393528	0.0704785
0.0621592	0.0348964	0.00708833	0.040349	0.0316249	0.0283533	0.00218103	0.0267176	0.0376227	0.0299891	0.021265	0.0136314	0.00817884	0.040349	0.0130862	0.0370774	0.04253	0.0926936	0.0136314	0.0109051	0.0136314	0.00163577	0.00436205	0.0179935	0.040349	0.00327154	0.0905125	0.0463468	0.0278081	0.0528899	0.0359869	0.0708833
0.0495417	0.0283719	0.00785683	0.0360105	0.0259712	0.0161502	0.00523789	0.0303361	0.02488	0.0216063	0.0202968	0.00960279	0.013313	0.0484505	0.0148407	0.0320821	0.0449585	0.0990834	0.0152772	0.0122217	0.0150589	0.000872981	0.00589262	0.0150589	0.0491052	0.00327368	0.110432	0.0362287	0.0312091	0.0571803	0.0353557	0.0842427
0.05092	0.0319084	0.013953	0.0380788	0.0327978	0.020179	0.00728223	0.0306298	0.0253488	0.0220135	0.0272945	0.0194007	0.0170104	0.0425816	0.0186225	0.0366335	0.0385235	0.0774918	0.018956	0.0156762	0.0217355	0.00455834	0.00761577	0.021124	0.039135	0.00978376	0.0859414	0.0382456	0.0334093	0.0461949	0.0374673	0.0694869
0.0510093	0.0324506	0.00824832	0.0357065	0.032125	0.0205123	0.00618624	0.0324506	0.0252876	0.0201867	0.02659	0.0157369	0.0146516	0.0438463	0.0179075	0.0352724	0.0398307	0.083677	0.0150857	0.0151943	0.021489	0.00336445	0.00911656	0.0172563	0.0439549	0.0104189	0.0905144	0.039288	0.0297374	0.0514435	0.0387454	0.0727154
0.0627503	0.0246996	0.00734312	0.0520694	0.0340454	0.0320427	0.00200267	0.0246996	0.040721	0.018024	0.0280374	0.0173565	0.0113485	0.0367156	0.0140187	0.0433912	0.0447263	0.0787717	0.0126836	0.0206943	0.0226969	0.000667557	0.00333778	0.0166889	0.0480641	0.00534045	0.0687583	0.0427236	0.0293725	0.064753	0.0233645	0.0680908
0.0544685	0.0305527	0.0112141	0.0362742	0.0323836	0.0192242	0.00595034	0.0298661	0.0246024	0.019453	0.0294084	0.0164779	0.0165923	0.0464584	0.0213983	0.0354732	0.0399359	0.081245	0.013846	0.0141893	0.0221993	0.00331846	0.00766678	0.0242591	0.0460007	0.00972651	0.0906282	0.0383339	0.0251745	0.0534386	0.0310104	0.0692299
0.0571768	0.0269766	0.00831354	0.0363081	0.0344418	0.0190024	0.00441127	0.0295215	0.0273159	0.0230743	0.0283339	0.0147608	0.0140821	0.0451306	0.0193417	0.0380048	0.0447913	0.0906006	0.0132338	0.0122158	0.022226	0.00152698	0.00865287	0.0183237	0.0397014	0.00865287	0.0912793	0.0391924	0.0295215	0.0502206	0.0312182	0.0724466
0.0522473	0.0363459	0.00697712	0.0293688	0.032614	0.0120071	0.00324517	0.031965	0.018173	0.0171994	0.0210936	0.0133052	0.013792	0.0465682	0.0146033	0.0339121	0.041376	0.102385	0.0152523	0.0107091	0.0134675	0.00178485	0.00584131	0.018173	0.0462437	0.00519228	0.115366	0.0387798	0.0280707	0.0553302	0.0352101	0.0834009
0.0520666	0.0354181	0.011956	0.0370894	0.0309828	0.021598	0.00687793	0.0311757	0.0264833	0.0202481	0.0285402	0.0206981	0.0157485	0.0448673	0.019991	0.035161	0.0404962	0.0773928	0.0169056	0.0150415	0.0240406	0.0044353	0.00797069	0.0209552	0.0479527	0.0108633	0.0708363	0.0410748	0.0295687	0.0540593	0.0353539	0.0641512
0.0655499	0.0335033	0.00971109	0.0400583	0.0313183	0.0157805	0.00388444	0.0274338	0.0267055	0.0194222	0.0230639	0.0169944	0.0111678	0.0429716	0.0133528	0.042486	0.0376305	0.088371	0.0162661	0.0128672	0.0145666	0.000728332	0.00242777	0.0201505	0.0444283	0.002185	0.105851	0.0420005	0.0233066	0.0568099	0.0330177	0.0759893
0.0518571	0.0328571	0.0145714	0.0312857	0.033	0.0218571	0.0104286	0.0348571	0.0254286	0.027	0.0348571	0.0174286	0.0185714	0.0421429	0.019	0.033	0.0357143	0.067	0.0185714	0.0178571	0.0232857	0.00685714	0.0142857	0.0231429	0.0414286	0.0175714	0.0695714	0.0381429	0.0274286	0.0448571	0.0468571	0.0592857
0.0524953	0.034016	0.0102401	0.0387241	0.0297787	0.0222458	0.0049435	0.0283663	0.0207156	0.0178908	0.0237759	0.0129473	0.0149482	0.0440207	0.0158898	0.0375471	0.0396657	0.087806	0.0140066	0.0114171	0.0184793	0.00258945	0.00564972	0.0181262	0.0508475	0.00411959	0.0986347	0.0397834	0.0303672	0.055791	0.0387241	0.0754473
0.0477934	0.0313129	0.0110786	0.0370811	0.0336019	0.0191357	0.00585973	0.0287493	0.0191357	0.0208753	0.0265519	0.0164805	0.0156565	0.0469694	0.0187695	0.0351584	0.0444058	0.0850577	0.0153818	0.0165721	0.018037	0.00402857	0.00851492	0.022798	0.0488921	0.00869804	0.0822194	0.0384545	0.0272844	0.0589636	0.0384545	0.0680278
0.0521399	0.0319404	0.0140134	0.0350966	0.0324454	0.0175483	0.00732231	0.029668	0.0218407	0.0176745	0.0243656	0.0132559	0.018937	0.0436814	0.0171695	0.0344653	0.0407777	0.0853428	0.0151496	0.0188108	0.0183058	0.00403989	0.00719606	0.0200732	0.0507512	0.00706981	0.09519	0.0353491	0.0282793	0.0540336	0.0338341	0.0742331
0.0511207	0.0282469	0.00921093	0.0406816	0.0310101	0.0217992	0.00521953	0.0333129	0.0274793	0.0284004	0.0319312	0.0156586	0.0135094	0.0455941	0.01965	0.034234	0.0437519	0.074455	0.0191894	0.014584	0.0207246	0.0019957	0.0089039	0.0239484	0.0414492	0.00629414	0.0815167	0.0380718	0.0316242	0.0505066	0.0393	0.0666257
0.0493177	0.0354006	0.0114849	0.0374274	0.0351304	0.0213485	0.00986353	0.0344548	0.0235103	0.0232401	0.0240508	0.0182408	0.0166194	0.0435076	0.0252669	0.0403999	0.0448588	0.0747196	0.016214	0.014998	0.0228348	0.00553979	0.0106742	0.0213485	0.043913	0.0102689	0.0737738	0.0395892	0.0287799	0.0486421	0.0324281	0.0621538
0.0481766	0.0311941	0.0131391	0.0344119	0.029764	0.0237755	0.00715052	0.030926	0.0266357	0.025295	0.0275295	0.0187701	0.016625	0.0437969	0.0202896	0.0362889	0.0395066	0.0770468	0.019217	0.0146586	0.0207365	0.00455846	0.0108152	0.0208259	0.0451376	0.010547	0.0800858	0.0370039	0.0282445	0.0524669	0.039596	0.0657848
0.0549861	0.0293607	0.0137248	0.0370917	0.0285789	0.018763	0.00894719	0.0293607	0.0313586	0.0220639	0.0289263	0.0195448	0.0164177	0.0419562	0.0209347	0.033009	0.0447359	0.0815671	0.0171994	0.0161571	0.0229326	0.0035615	0.00799166	0.0224983	0.0429986	0.00981584	0.079656	0.0391765	0.0276233	0.0521195	0.0328353	0.064107
0.0521863	0.0327401	0.00889914	0.0331795	0.0305427	0.0203252	0.0054933	0.031971	0.0260382	0.0242804	0.027906	0.0148319	0.0127445	0.044276	0.0182377	0.0326302	0.0396616	0.0873434	0.0177983	0.0116458	0.021314	0.00340584	0.00856955	0.019666	0.0461437	0.00758075	0.088552	0.0384531	0.030323	0.0491101	0.0397715	0.0743793
0.0514271	0.0267823	0.00993336	0.0372187	0.0306802	0.025022	0.00792154	0.0320634	0.0349554	0.0252735	0.0340752	0.0217528	0.0158431	0.0404879	0.0236389	0.0345781	0.0458946	0.0717968	0.0174777	0.0174777	0.0285427	0.00540676	0.0113165	0.0232617	0.0424997	0.0111907	0.064001	0.0391047	0.0259022	0.0539419	0.0344524	0.0560795
0.0523838	0.0322269	0.0095353	0.038624	0.0336753	0.0212432	0.0061557	0.0321062	0.0276403	0.0203983	0.0251056	0.0178636	0.0146047	0.0436934	0.0252263	0.038624	0.042245	0.0750754	0.0178636	0.0126735	0.019312	0.0032589	0.0105009	0.0237779	0.0399517	0.0109837	0.0819553	0.0383826	0.0296922	0.0497284	0.0400724	0.0654194
0.0503644	0.0313282	0.0115305	0.0399217	0.0271946	0.0179484	0.00293702	0.0280648	0.0205591	0.0177309	0.0225171	0.0135973	0.0141412	0.0459045	0.016208	0.0355705	0.0403568	0.0913739	0.0165343	0.0140324	0.0169694	0.0030458	0.00565648	0.019145	0.0481888	0.00685304	0.0949636	0.0415534	0.0291526	0.0576526	0.0415534	0.0774502
0.0517211	0.0338862	0.0118899	0.0368587	0.0288925	0.0202723	0.00731229	0.032935	0.0275846	0.0241365	0.0255633	0.0178943	0.0164081	0.0442304	0.0206884	0.0357886	0.0410202	0.0786517	0.0169431	0.0154569	0.0205101	0.00374532	0.00969027	0.0197967	0.0430414	0.00909577	0.0820403	0.0385233	0.0280602	0.0495809	0.0389394	0.0688425
0.0544127	0.0282847	0.0121931	0.0379064	0.0371599	0.0234738	0.0106171	0.0344227	0.0340909	0.0279529	0.0279529	0.0193265	0.0160086	0.0418049	0.0194094	0.0413072	0.0389018	0.0704214	0.0175017	0.0164234	0.0222296	0.00588918	0.0101194	0.0209025	0.0362475	0.0106171	0.0734904	0.0356669	0.0299436	0.0444592	0.0326808	0.0681818
0.0512683	0.030368	0.00821722	0.035727	0.0273312	0.0155413	0.00553769	0.0350125	0.0232226	0.0221508	0.028403	0.0142908	0.0130404	0.0450161	0.0198285	0.0341193	0.0434084	0.085209	0.0142908	0.0116113	0.0209003	0.00250089	0.00875313	0.021079	0.0444802	0.0100036	0.0987853	0.0401929	0.0237585	0.0525188	0.0410861	0.0723473
0.0525265	0.0308172	0.00898316	0.0417966	0.0300686	0.0225827	0.00823456	0.0274485	0.0279476	0.0239551	0.0244541	0.0132252	0.0132252	0.04267	0.0179663	0.0325639	0.0437929	0.0880848	0.0137243	0.0145976	0.0182158	0.00386775	0.00823456	0.0198378	0.0400499	0.0077355	0.0907049	0.040549	0.0318153	0.0490331	0.0380536	0.0732377
0.0519689	0.0293791	0.0109863	0.0359215	0.0333292	0.0225898	0.0101222	0.0339464	0.0292556	0.0211085	0.0287619	0.0175287	0.0164177	0.0450562	0.0185162	0.0387606	0.0398716	0.0764103	0.0139489	0.0140723	0.0211085	0.00308604	0.0107394	0.0185162	0.0419701	0.00876435	0.0846809	0.039131	0.0282681	0.0535736	0.034934	0.0672756
0.0539715	0.0302589	0.0125109	0.0350596	0.0282223	0.0178935	0.00654641	0.0292406	0.0250218	0.017748	0.0306954	0.0173116	0.0154204	0.0411696	0.0193483	0.0324411	0.039133	0.089904	0.0129473	0.0142566	0.0222578	0.00218214	0.00741926	0.0225487	0.0475706	0.0059645	0.0997963	0.0363689	0.0224033	0.0516439	0.0338958	0.0788478
0.0504466	0.0372513	0.0112667	0.0378603	0.0344093	0.0199959	0.00761267	0.0322777	0.0213155	0.0187779	0.0289281	0.0196914	0.0150223	0.0398904	0.0170524	0.0349168	0.0398904	0.0786642	0.0141088	0.0154283	0.0200974	0.00345108	0.00812018	0.021214	0.0416159	0.00710516	0.091555	0.0406009	0.0297402	0.0483151	0.045067	0.068311
